x
-1 1
1 0.251 3.723912
2 0.054152 0.532183
3 0.2 1.014991
4 -0.070648 0.283374
5 0.002475 0.191856
6 0.011412 0.319346
7 0.2 1.090995
8 -0.120861 0.133524
9 0.004868 0.232047
10 0.006963 0.345399
11 0.2 1.085994
12 -0.132767 0.037477
13 0.007388 0.272481
14 0.004558 0.24434
15 0.2 1.082994
16 -0.103072 0.023187
17 0.006666 0.293476
18 0.00465 0.228631
19 0.293 4.649845
20 0.067769 0.658907
21 0.2 1.203
22 -0.185271 0.327965
23 0.005392 0.446156
24 0.021209 0.481987
25 0.205 1.213
26 -0.225412 0.053281
27 0.014043 0.452326
28 0.009005000000000001 0.338805
29 0.206 1.215001
30 -0.159885 0.018463
31 0.014314 0.452411
32 0.008212000000000001 0.352184
33 0.206 1.215001
34 -0.18207 0.029776
35 0.014033 0.444401
36 0.008623 0.359327
