43
55
70
82
11
6
3
22
47
66
25
34
18
38
62
52
31
35
18
62
17
68
4
74
2
23
43
63
18
26
92
76
68
7
61
48
1
35
10
1
57
44
15
55
40
8
67
14
22
26
42
11
65
20
12
10
7
59
74
18
37
31
45
5
5
19
17
78
47
0
28
52
42
48
34
36
55
57
42
66
69
70
64
32
60
68
63
52
8
32
7
44
59
73
27
45
52
21
9
11
18
26
56
34
44
15
11
40
32
25
60
17
35
22
16
62
0
46
16
15
26
35
48
19
25
14
12
10
7
28
44
50
31
68
42
37
21
16
33
0
24
14
18
25
18
78
53
44
31
22
47
26
19
55
14
18
12
8
9
28
36
20
25
30
46
9
36
25
16
12
19
29
17
23
47
26
56
19
2
9
74
10
68
83
81
42
28
35






































































































































































